Time	Node	DY	VY	AY 
5.000000E-01	12	-9.787453E-03	7.182368E-01	-7.299185E+02 
6.000000E-01	12	8.519954E-04	-5.054478E-01	7.054448E+02 
7.000000E-01	12	-6.303292E-03	3.623421E-01	-6.880890E+02 
8.000000E-01	12	6.482241E-05	-2.349798E-01	6.761425E+02 
9.000000E-01	12	-5.011394E-03	1.334554E-01	-6.687738E+02 
1.000000E+00	12	-2.403841E-03	-8.130438E-02	6.644786E+02 
1.100000E+00	12	-3.065337E-03	6.807446E-02	-6.614911E+02 
1.200000E+00	12	-2.629786E-03	-5.936344E-02	6.589423E+02 
1.300000E+00	12	-3.740282E-03	3.715351E-02	-6.570120E+02 
1.400000E+00	12	-2.546653E-03	-1.328092E-02	6.560033E+02 
Time	Node	DY	VY	AY 
5.000000E-01	12	-5.683819E-02	-2.227779E-01	-7.487388E+02 
6.000000E-01	12	-1.036189E-01	-7.128366E-01	7.389376E+02 
7.000000E-01	12	-8.291385E-02	1.126938E+00	-7.021421E+02 
8.000000E-01	12	-4.301557E-02	-3.289721E-01	6.730239E+02 
9.000000E-01	12	-8.096325E-02	-4.299815E-01	-6.750441E+02 
1.000000E+00	12	-9.623068E-02	1.246329E-01	6.861364E+02 
1.100000E+00	12	-6.063850E-02	5.872105E-01	-6.768848E+02 
1.200000E+00	12	-6.050396E-02	-5.845197E-01	6.534502E+02 
1.300000E+00	12	-9.155097E-02	-3.642054E-02	-6.424882E+02 
1.400000E+00	12	-7.761946E-02	3.150508E-01	6.495177E+02 
Time	Node	DY	VY	AY 
4.100000E-01	12	-6.146062E-02	5.116758E+00	1.136879E+02 
4.200000E-01	12	-3.351107E-02	4.731514E-01	-1.042409E+03 
4.300000E-01	12	-3.621573E-02	-1.014083E+00	7.449623E+02 
4.400000E-01	12	-4.656027E-02	-1.054825E+00	-7.531108E+02 
4.500000E-01	12	-5.643398E-02	-9.199159E-01	7.800927E+02 
4.600000E-01	12	-6.644538E-02	-1.082364E+00	-8.125823E+02 
4.700000E-01	12	-7.864525E-02	-1.357609E+00	7.575332E+02 
4.800000E-01	12	-9.326736E-02	-1.566814E+00	-7.993741E+02 
4.900000E-01	12	-1.072493E-01	-1.229579E+00	8.668211E+02 
5.000000E-01	12	-1.170602E-01	-7.325953E-01	-7.674244E+02 
5.100000E-01	12	-1.217895E-01	-2.132545E-01	8.712925E+02 
5.200000E-01	12	-1.225499E-01	6.115746E-02	-8.164101E+02 
5.300000E-01	12	-1.215206E-01	1.447070E-01	8.331200E+02 
5.400000E-01	12	-1.192824E-01	3.029455E-01	-8.014723E+02 
5.500000E-01	12	-1.150829E-01	5.369537E-01	8.482740E+02 
5.600000E-01	12	-1.078535E-01	9.089230E-01	-7.738801E+02 
5.700000E-01	12	-9.782718E-02	1.096335E+00	8.113626E+02 
5.800000E-01	12	-8.646648E-02	1.175806E+00	-7.954685E+02 
5.900000E-01	12	-7.534395E-02	1.048700E+00	7.700473E+02 
6.000000E-01	12	-6.564825E-02	8.904390E-01	-8.016995E+02 
6.100000E-01	12	-5.706279E-02	8.266528E-01	7.889423E+02 
6.200000E-01	12	-4.959184E-02	6.675373E-01	-8.207654E+02 
6.300000E-01	12	-4.333211E-02	5.844089E-01	8.041397E+02 
6.400000E-01	12	-3.889537E-02	3.029389E-01	-8.604337E+02 
6.500000E-01	12	-3.715184E-02	4.576802E-02	8.089995E+02 
6.600000E-01	12	-3.802263E-02	-2.199257E-01	-8.621382E+02 
6.700000E-01	12	-4.122878E-02	-4.213060E-01	8.218622E+02 
6.800000E-01	12	-4.599083E-02	-5.311033E-01	-8.438216E+02 
6.900000E-01	12	-5.195673E-02	-6.620769E-01	8.176269E+02 
7.000000E-01	12	-5.877929E-02	-7.024348E-01	-8.256985E+02 
7.100000E-01	12	-6.640112E-02	-8.219312E-01	8.017992E+02 
7.200000E-01	12	-7.435602E-02	-7.690480E-01	-7.912226E+02 
7.300000E-01	12	-8.193182E-02	-7.461137E-01	7.958094E+02 
7.400000E-01	12	-8.873952E-02	-6.154249E-01	-7.696716E+02 
7.500000E-01	12	-9.404287E-02	-4.452444E-01	8.037077E+02 
7.600000E-01	12	-9.797277E-02	-3.407362E-01	-7.828061E+02 
7.700000E-01	12	-1.003460E-01	-1.339166E-01	8.241700E+02 
7.800000E-01	12	-1.011334E-01	-2.355374E-02	-8.020974E+02 
7.900000E-01	12	-1.003914E-01	1.719429E-01	8.411968E+02 
8.000000E-01	12	-9.801150E-02	3.040448E-01	-8.147764E+02 
8.100000E-01	12	-9.428464E-02	4.413269E-01	8.422328E+02 
8.200000E-01	12	-8.945643E-02	5.243162E-01	-8.256349E+02 
8.300000E-01	12	-8.405439E-02	5.560913E-01	8.319899E+02 
8.400000E-01	12	-7.827665E-02	5.994567E-01	-8.233169E+02 
8.500000E-01	12	-7.263655E-02	5.285631E-01	8.091381E+02 
8.600000E-01	12	-6.728524E-02	5.416977E-01	-8.065112E+02 
8.700000E-01	12	-6.249790E-02	4.157719E-01	7.813261E+02 
8.800000E-01	12	-5.873300E-02	3.372069E-01	-7.970391E+02 
8.900000E-01	12	-5.593204E-02	2.229857E-01	7.741948E+02 
9.000000E-01	12	-5.449068E-02	6.528593E-02	-8.057348E+02 
9.100000E-01	12	-5.424836E-02	-1.682243E-02	7.893131E+02 
9.200000E-01	12	-5.517960E-02	-1.694260E-01	-8.198338E+02 
9.300000E-01	12	-5.720309E-02	-2.352719E-01	8.066646E+02 
9.400000E-01	12	-6.011133E-02	-3.463760E-01	-8.288855E+02 
9.500000E-01	12	-6.374182E-02	-3.797203E-01	8.222166E+02 
9.600000E-01	12	-6.781423E-02	-4.347627E-01	-8.332251E+02 
9.700000E-01	12	-7.214774E-02	-4.319399E-01	8.337896E+02 
9.800000E-01	12	-7.628823E-02	-3.961572E-01	-8.266331E+02 
9.900000E-01	12	-8.020624E-02	-3.874457E-01	8.283754E+02 
1.000000E+00	12	-8.352165E-02	-2.756357E-01	-8.060134E+02 
1.010000E+00	12	-8.610675E-02	-2.413842E-01	8.128637E+02 
1.020000E+00	12	-8.797172E-02	-1.316093E-01	-7.909087E+02 
1.030000E+00	12	-8.880293E-02	-3.463372E-02	8.103038E+02 
1.040000E+00	12	-8.882648E-02	2.992512E-02	-7.973920E+02 
1.050000E+00	12	-8.792163E-02	1.510447E-01	8.216159E+02 
1.060000E+00	12	-8.624229E-02	1.848217E-01	-8.148605E+02 
1.070000E+00	12	-8.393676E-02	2.762851E-01	8.331532E+02 
1.080000E+00	12	-8.116032E-02	2.790028E-01	-8.326097E+02 
1.090000E+00	12	-7.809516E-02	3.340293E-01	8.436150E+02 
1.100000E+00	12	-7.491494E-02	3.020138E-01	-8.500181E+02 
1.110000E+00	12	-7.190921E-02	2.991330E-01	8.494419E+02 
1.120000E+00	12	-6.904991E-02	2.727273E-01	-8.547231E+02 
1.130000E+00	12	-6.676639E-02	1.839774E-01	8.369731E+02 
1.140000E+00	12	-6.493699E-02	1.819011E-01	-8.373884E+02 
1.150000E+00	12	-6.375458E-02	5.458137E-02	8.119244E+02 
1.160000E+00	12	-6.330913E-02	3.450840E-02	-8.159390E+02 
1.170000E+00	12	-6.342832E-02	-5.834668E-02	7.973680E+02 
1.180000E+00	12	-6.426571E-02	-1.091300E-01	-8.075247E+02 
1.190000E+00	12	-6.560650E-02	-1.590292E-01	7.975448E+02 
1.200000E+00	12	-6.741370E-02	-2.024099E-01	-8.062210E+02 
1.210000E+00	12	-6.951926E-02	-2.187025E-01	8.029624E+02 
1.220000E+00	12	-7.184306E-02	-2.460577E-01	-8.084335E+02 
1.230000E+00	12	-7.414790E-02	-2.149096E-01	8.146631E+02 
1.240000E+00	12	-7.636740E-02	-2.289910E-01	-8.174794E+02 
1.250000E+00	12	-7.839340E-02	-1.762076E-01	8.280361E+02 
1.260000E+00	12	-7.997439E-02	-1.399922E-01	-8.207930E+02 
1.270000E+00	12	-8.125970E-02	-1.170694E-01	8.253775E+02 
1.280000E+00	12	-8.197476E-02	-2.594144E-02	-8.071519E+02 
1.290000E+00	12	-8.220907E-02	-2.092051E-02	8.081561E+02 
1.300000E+00	12	-8.200661E-02	6.141131E-02	-7.916897E+02 
1.310000E+00	12	-8.126409E-02	8.709288E-02	7.968261E+02 
1.320000E+00	12	-8.020495E-02	1.247347E-01	-7.892977E+02 
1.330000E+00	12	-7.879888E-02	1.564798E-01	7.956467E+02 
1.340000E+00	12	-7.720014E-02	1.632693E-01	-7.942888E+02 
1.350000E+00	12	-7.546686E-02	1.833857E-01	7.983121E+02 
1.360000E+00	12	-7.379117E-02	1.517526E-01	-8.046387E+02 
1.370000E+00	12	-7.215094E-02	1.762932E-01	8.095468E+02 
1.380000E+00	12	-7.074044E-02	1.058073E-01	-8.236440E+02 
1.390000E+00	12	-6.963194E-02	1.158923E-01	8.256609E+02 
1.400000E+00	12	-6.874319E-02	6.185700E-02	-8.364680E+02 
Time	Node	DY	VY	AY 
4.100000E-01	12	-6.146062E-02	5.116758E+00	1.136879E+02 
4.200000E-01	12	-3.351107E-02	4.731514E-01	-1.042409E+03 
4.300000E-01	12	-3.621573E-02	-1.014083E+00	7.449623E+02 
4.400000E-01	12	-4.656027E-02	-1.054825E+00	-7.531108E+02 
4.500000E-01	12	-5.643398E-02	-9.199159E-01	7.800927E+02 
4.600000E-01	12	-6.644538E-02	-1.082364E+00	-8.125823E+02 
4.700000E-01	12	-7.864525E-02	-1.357609E+00	7.575332E+02 
4.800000E-01	12	-9.326736E-02	-1.566814E+00	-7.993741E+02 
4.900000E-01	12	-1.072493E-01	-1.229579E+00	8.668211E+02 
5.000000E-01	12	-1.170602E-01	-7.325953E-01	-7.674244E+02 
5.100000E-01	12	-1.217895E-01	-2.132545E-01	8.712925E+02 
5.200000E-01	12	-1.225499E-01	6.115746E-02	-8.164101E+02 
5.300000E-01	12	-1.215206E-01	1.447070E-01	8.331200E+02 
5.400000E-01	12	-1.192824E-01	3.029455E-01	-8.014723E+02 
5.500000E-01	12	-1.150829E-01	5.369537E-01	8.482740E+02 
5.600000E-01	12	-1.078535E-01	9.089230E-01	-7.738801E+02 
5.700000E-01	12	-9.782718E-02	1.096335E+00	8.113626E+02 
5.800000E-01	12	-8.646648E-02	1.175806E+00	-7.954685E+02 
5.900000E-01	12	-7.534395E-02	1.048700E+00	7.700473E+02 
6.000000E-01	12	-6.564825E-02	8.904390E-01	-8.016995E+02 
6.100000E-01	12	-5.706279E-02	8.266528E-01	7.889423E+02 
6.200000E-01	12	-4.959184E-02	6.675373E-01	-8.207654E+02 
6.300000E-01	12	-4.333211E-02	5.844089E-01	8.041397E+02 
6.400000E-01	12	-3.889537E-02	3.029389E-01	-8.604337E+02 
6.500000E-01	12	-3.715184E-02	4.576802E-02	8.089995E+02 
6.600000E-01	12	-3.802263E-02	-2.199257E-01	-8.621382E+02 
6.700000E-01	12	-4.122878E-02	-4.213060E-01	8.218622E+02 
6.800000E-01	12	-4.599083E-02	-5.311033E-01	-8.438216E+02 
6.900000E-01	12	-5.195673E-02	-6.620769E-01	8.176269E+02 
7.000000E-01	12	-5.877929E-02	-7.024348E-01	-8.256985E+02 
7.100000E-01	12	-6.640112E-02	-8.219312E-01	8.017992E+02 
7.200000E-01	12	-7.435602E-02	-7.690480E-01	-7.912226E+02 
7.300000E-01	12	-8.193182E-02	-7.461137E-01	7.958094E+02 
7.400000E-01	12	-8.873952E-02	-6.154249E-01	-7.696716E+02 
7.500000E-01	12	-9.404287E-02	-4.452444E-01	8.037077E+02 
7.600000E-01	12	-9.797277E-02	-3.407362E-01	-7.828061E+02 
7.700000E-01	12	-1.003460E-01	-1.339166E-01	8.241700E+02 
7.800000E-01	12	-1.011334E-01	-2.355374E-02	-8.020974E+02 
7.900000E-01	12	-1.003914E-01	1.719429E-01	8.411968E+02 
8.000000E-01	12	-9.801150E-02	3.040448E-01	-8.147764E+02 
8.100000E-01	12	-9.428464E-02	4.413269E-01	8.422328E+02 
8.200000E-01	12	-8.945643E-02	5.243162E-01	-8.256349E+02 
8.300000E-01	12	-8.405439E-02	5.560913E-01	8.319899E+02 
8.400000E-01	12	-7.827665E-02	5.994567E-01	-8.233169E+02 
8.500000E-01	12	-7.263655E-02	5.285631E-01	8.091381E+02 
8.600000E-01	12	-6.728524E-02	5.416977E-01	-8.065112E+02 
8.700000E-01	12	-6.249790E-02	4.157719E-01	7.813261E+02 
8.800000E-01	12	-5.873300E-02	3.372069E-01	-7.970391E+02 
8.900000E-01	12	-5.593204E-02	2.229857E-01	7.741948E+02 
9.000000E-01	12	-5.449068E-02	6.528593E-02	-8.057348E+02 
9.100000E-01	12	-5.424836E-02	-1.682243E-02	7.893131E+02 
9.200000E-01	12	-5.517960E-02	-1.694260E-01	-8.198338E+02 
9.300000E-01	12	-5.720309E-02	-2.352719E-01	8.066646E+02 
9.400000E-01	12	-6.011133E-02	-3.463760E-01	-8.288855E+02 
9.500000E-01	12	-6.374182E-02	-3.797203E-01	8.222166E+02 
9.600000E-01	12	-6.781423E-02	-4.347627E-01	-8.332251E+02 
9.700000E-01	12	-7.214774E-02	-4.319399E-01	8.337896E+02 
9.800000E-01	12	-7.628823E-02	-3.961572E-01	-8.266331E+02 
9.900000E-01	12	-8.020624E-02	-3.874457E-01	8.283754E+02 
1.000000E+00	12	-8.352165E-02	-2.756357E-01	-8.060134E+02 
1.010000E+00	12	-8.610675E-02	-2.413842E-01	8.128637E+02 
1.020000E+00	12	-8.797172E-02	-1.316093E-01	-7.909087E+02 
1.030000E+00	12	-8.880293E-02	-3.463372E-02	8.103038E+02 
1.040000E+00	12	-8.882648E-02	2.992512E-02	-7.973920E+02 
1.050000E+00	12	-8.792163E-02	1.510447E-01	8.216159E+02 
1.060000E+00	12	-8.624229E-02	1.848217E-01	-8.148605E+02 
1.070000E+00	12	-8.393676E-02	2.762851E-01	8.331532E+02 
1.080000E+00	12	-8.116032E-02	2.790028E-01	-8.326097E+02 
1.090000E+00	12	-7.809516E-02	3.340293E-01	8.436150E+02 
1.100000E+00	12	-7.491494E-02	3.020138E-01	-8.500181E+02 
1.110000E+00	12	-7.190921E-02	2.991330E-01	8.494419E+02 
1.120000E+00	12	-6.904991E-02	2.727273E-01	-8.547231E+02 
1.130000E+00	12	-6.676639E-02	1.839774E-01	8.369731E+02 
1.140000E+00	12	-6.493699E-02	1.819011E-01	-8.373884E+02 
1.150000E+00	12	-6.375458E-02	5.458137E-02	8.119244E+02 
1.160000E+00	12	-6.330913E-02	3.450840E-02	-8.159390E+02 
1.170000E+00	12	-6.342832E-02	-5.834668E-02	7.973680E+02 
1.180000E+00	12	-6.426571E-02	-1.091300E-01	-8.075247E+02 
1.190000E+00	12	-6.560650E-02	-1.590292E-01	7.975448E+02 
1.200000E+00	12	-6.741370E-02	-2.024099E-01	-8.062210E+02 
1.210000E+00	12	-6.951926E-02	-2.187025E-01	8.029624E+02 
1.220000E+00	12	-7.184306E-02	-2.460577E-01	-8.084335E+02 
1.230000E+00	12	-7.414790E-02	-2.149096E-01	8.146631E+02 
1.240000E+00	12	-7.636740E-02	-2.289910E-01	-8.174794E+02 
1.250000E+00	12	-7.839340E-02	-1.762076E-01	8.280361E+02 
1.260000E+00	12	-7.997439E-02	-1.399922E-01	-8.207930E+02 
1.270000E+00	12	-8.125970E-02	-1.170694E-01	8.253775E+02 
1.280000E+00	12	-8.197476E-02	-2.594144E-02	-8.071519E+02 
1.290000E+00	12	-8.220907E-02	-2.092051E-02	8.081561E+02 
1.300000E+00	12	-8.200661E-02	6.141131E-02	-7.916897E+02 
1.310000E+00	12	-8.126409E-02	8.709288E-02	7.968261E+02 
1.320000E+00	12	-8.020495E-02	1.247347E-01	-7.892977E+02 
1.330000E+00	12	-7.879888E-02	1.564798E-01	7.956467E+02 
1.340000E+00	12	-7.720014E-02	1.632693E-01	-7.942888E+02 
1.350000E+00	12	-7.546686E-02	1.833857E-01	7.983121E+02 
1.360000E+00	12	-7.379117E-02	1.517526E-01	-8.046387E+02 
1.370000E+00	12	-7.215094E-02	1.762932E-01	8.095468E+02 
1.380000E+00	12	-7.074044E-02	1.058073E-01	-8.236440E+02 
1.390000E+00	12	-6.963194E-02	1.158923E-01	8.256609E+02 
1.400000E+00	12	-6.874319E-02	6.185700E-02	-8.364680E+02 
1.410000E+00	12	-6.834896E-02	1.698930E-02	8.274945E+02 
1.420000E+00	12	-6.821365E-02	1.007408E-02	-8.288775E+02 
1.430000E+00	12	-6.847923E-02	-6.319116E-02	8.142244E+02 
1.440000E+00	12	-6.909344E-02	-5.965146E-02	-8.135165E+02 
1.450000E+00	12	-6.992904E-02	-1.074677E-01	8.039533E+02 
1.460000E+00	12	-7.101942E-02	-1.106091E-01	-8.045815E+02 
1.470000E+00	12	-7.222930E-02	-1.313657E-01	8.004302E+02 
1.480000E+00	12	-7.350847E-02	-1.244695E-01	-7.990510E+02 
1.490000E+00	12	-7.473303E-02	-1.204426E-01	7.998564E+02 
1.500000E+00	12	-7.593986E-02	-1.209221E-01	-7.999523E+02 
1.510000E+00	12	-7.689551E-02	-7.020878E-02	8.100949E+02 
1.520000E+00	12	-7.770613E-02	-9.191527E-02	-8.144362E+02 
1.530000E+00	12	-7.827527E-02	-2.191163E-02	8.284369E+02 
1.540000E+00	12	-7.849487E-02	-2.200858E-02	-8.284563E+02 
1.550000E+00	12	-7.856248E-02	8.485153E-03	8.345551E+02 
1.560000E+00	12	-7.826727E-02	5.055854E-02	-8.261404E+02 
1.570000E+00	12	-7.778678E-02	4.553790E-02	8.251363E+02 
1.580000E+00	12	-7.712093E-02	8.763211E-02	-8.167174E+02 
1.590000E+00	12	-7.628271E-02	8.001275E-02	8.151936E+02 
1.600000E+00	12	-7.537085E-02	1.023590E-01	-8.107243E+02 
1.610000E+00	12	-7.443924E-02	8.396226E-02	8.070450E+02 
1.620000E+00	12	-7.352527E-02	9.883352E-02	-8.040707E+02 
1.630000E+00	12	-7.266714E-02	7.279064E-02	7.988621E+02 
1.640000E+00	12	-7.201040E-02	5.855922E-02	-8.017084E+02 
1.650000E+00	12	-7.141481E-02	6.055816E-02	8.021082E+02 
1.660000E+00	12	-7.108476E-02	5.450752E-03	-8.131297E+02 
1.670000E+00	12	-7.094360E-02	2.278273E-02	8.165961E+02 
1.680000E+00	12	-7.093929E-02	-2.192125E-02	-8.255369E+02 
1.690000E+00	12	-7.122539E-02	-3.529831E-02	8.228615E+02 
1.700000E+00	12	-7.158844E-02	-3.731244E-02	-8.232643E+02 
1.710000E+00	12	-7.212510E-02	-7.001965E-02	8.167228E+02 
1.720000E+00	12	-7.276552E-02	-5.806409E-02	-8.143317E+02 
1.730000E+00	12	-7.343944E-02	-7.672017E-02	8.106005E+02 
1.740000E+00	12	-7.412726E-02	-6.084377E-02	-8.074252E+02 
1.750000E+00	12	-7.480571E-02	-7.484501E-02	8.046250E+02 
1.760000E+00	12	-7.539984E-02	-4.398287E-02	-7.984526E+02 
1.770000E+00	12	-7.586676E-02	-4.940058E-02	7.973690E+02 
1.780000E+00	12	-7.629225E-02	-3.569751E-02	-7.946284E+02 
1.790000E+00	12	-7.646021E-02	2.104980E-03	8.021889E+02 
1.800000E+00	12	-7.657548E-02	-2.515704E-02	-8.076413E+02 
1.810000E+00	12	-7.651438E-02	3.737632E-02	8.201480E+02 
1.820000E+00	12	-7.627289E-02	1.092111E-02	-8.254390E+02 
1.830000E+00	12	-7.600113E-02	4.343140E-02	8.319411E+02 
1.840000E+00	12	-7.555663E-02	4.546868E-02	-8.315336E+02 
1.850000E+00	12	-7.508878E-02	4.810185E-02	8.320603E+02 
1.860000E+00	12	-7.458150E-02	5.335330E-02	-8.310100E+02 
1.870000E+00	12	-7.407819E-02	4.730840E-02	8.298010E+02 
1.880000E+00	12	-7.357189E-02	5.395164E-02	-8.284723E+02 
1.890000E+00	12	-7.318098E-02	2.423072E-02	8.225282E+02 
1.900000E+00	12	-7.281789E-02	4.838629E-02	-8.176970E+02 
1.910000E+00	12	-7.255321E-02	4.551172E-03	8.089300E+02 
1.920000E+00	12	-7.245826E-02	1.443827E-02	-8.069526E+02 
1.930000E+00	12	-7.236893E-02	3.428328E-03	8.047506E+02 
1.940000E+00	12	-7.247961E-02	-2.556580E-02	-8.105494E+02 
1.950000E+00	12	-7.265116E-02	-8.742820E-03	8.139140E+02 
1.960000E+00	12	-7.287612E-02	-3.624923E-02	-8.194153E+02 
1.970000E+00	12	-7.322948E-02	-3.442270E-02	8.197806E+02 
1.980000E+00	12	-7.357059E-02	-3.379956E-02	-8.196560E+02 
1.990000E+00	12	-7.394682E-02	-4.144624E-02	8.181267E+02 
2.000000E+00	12	-7.433006E-02	-3.520207E-02	-8.168778E+02 
2.010000E+00	12	-7.468054E-02	-3.489398E-02	8.169394E+02 
2.020000E+00	12	-7.495675E-02	-2.034822E-02	-8.140303E+02 
2.030000E+00	12	-7.522915E-02	-3.413230E-02	8.112735E+02 
2.040000E+00	12	-7.537709E-02	4.544124E-03	-8.035382E+02 
2.050000E+00	12	-7.544586E-02	-1.829781E-02	7.989698E+02 
2.060000E+00	12	-7.550089E-02	7.292910E-03	-7.938517E+02 
2.070000E+00	12	-7.536773E-02	1.933804E-02	7.962607E+02 
2.080000E+00	12	-7.526652E-02	9.045199E-04	-7.999474E+02 
2.090000E+00	12	-7.505951E-02	4.049761E-02	8.078660E+02 
2.100000E+00	12	-7.479396E-02	1.261248E-02	-8.134430E+02 
2.110000E+00	12	-7.455023E-02	3.613263E-02	8.181471E+02 
2.120000E+00	12	-7.425735E-02	2.244358E-02	-8.208849E+02 
2.130000E+00	12	-7.397968E-02	3.309005E-02	8.230142E+02 
2.140000E+00	12	-7.373687E-02	1.547321E-02	-8.265375E+02 
2.150000E+00	12	-7.353637E-02	2.462637E-02	8.283682E+02 
2.160000E+00	12	-7.333546E-02	1.555482E-02	-8.301825E+02 
2.170000E+00	12	-7.327445E-02	-3.353011E-03	8.264009E+02 
2.180000E+00	12	-7.319361E-02	1.952113E-02	-8.218261E+02 
2.190000E+00	12	-7.319991E-02	-2.077947E-02	8.137660E+02 
2.200000E+00	12	-7.330587E-02	-4.128427E-04	-8.096926E+02 
2.210000E+00	12	-7.337043E-02	-1.250043E-02	8.072751E+02 
2.220000E+00	12	-7.356387E-02	-2.618606E-02	-8.100122E+02 
2.230000E+00	12	-7.374366E-02	-9.773154E-03	8.132948E+02 
2.240000E+00	12	-7.392998E-02	-2.749127E-02	-8.168385E+02 
2.250000E+00	12	-7.415493E-02	-1.749761E-02	8.188372E+02 
2.260000E+00	12	-7.435200E-02	-2.191651E-02	-8.197210E+02 
2.270000E+00	12	-7.451520E-02	-1.072431E-02	8.219594E+02 
2.280000E+00	12	-7.467837E-02	-2.190814E-02	-8.241962E+02 
2.290000E+00	12	-7.479799E-02	-2.017295E-03	8.281743E+02 
2.300000E+00	12	-7.483161E-02	-4.705566E-03	-8.287120E+02 
2.310000E+00	12	-7.490674E-02	-1.032059E-02	8.275890E+02 
2.320000E+00	12	-7.485329E-02	2.101111E-02	-8.213227E+02 
2.330000E+00	12	-7.479531E-02	-9.415988E-03	8.152372E+02 
2.340000E+00	12	-7.473464E-02	2.154932E-02	-8.090442E+02 
2.350000E+00	12	-7.456723E-02	1.193312E-02	8.071209E+02 
2.360000E+00	12	-7.445696E-02	1.012148E-02	-8.074833E+02 
2.370000E+00	12	-7.430212E-02	2.084658E-02	8.096283E+02 
2.380000E+00	12	-7.413376E-02	1.282480E-02	-8.112326E+02 
2.390000E+00	12	-7.400418E-02	1.309180E-02	8.112860E+02 
2.400000E+00	12	-7.388125E-02	1.149328E-02	-8.116057E+02 
2.410000E+00	12	-7.375648E-02	1.346198E-02	8.119995E+02 
2.420000E+00	12	-7.369908E-02	-1.982679E-03	-8.150884E+02 
2.430000E+00	12	-7.366150E-02	9.497679E-03	8.173845E+02 
2.440000E+00	12	-7.361385E-02	3.251496E-05	-8.192775E+02 
2.450000E+00	12	-7.368547E-02	-1.435488E-02	8.164000E+02 
2.460000E+00	12	-7.369842E-02	1.176427E-02	-8.111762E+02 
2.470000E+00	12	-7.377572E-02	-2.722364E-02	8.033786E+02 
2.480000E+00	12	-7.390116E-02	2.135046E-03	-7.975069E+02 
2.490000E+00	12	-7.396387E-02	-1.467715E-02	7.941444E+02 
2.500000E+00	12	-7.410794E-02	-1.413773E-02	-7.940366E+02 
2.510000E+00	12	-7.421266E-02	-6.804833E-03	7.955031E+02 
2.520000E+00	12	-7.430793E-02	-1.224954E-02	-7.965921E+02 
2.530000E+00	12	-7.440107E-02	-6.379298E-03	7.977661E+02 
2.540000E+00	12	-7.449083E-02	-1.157185E-02	-7.988046E+02 
2.550000E+00	12	-7.450717E-02	8.303157E-03	8.027796E+02 
2.560000E+00	12	-7.456251E-02	-1.937107E-02	-8.083145E+02 
2.570000E+00	12	-7.456412E-02	1.904827E-02	8.159984E+02 
2.580000E+00	12	-7.451013E-02	-8.249172E-03	-8.214578E+02 
2.590000E+00	12	-7.451954E-02	6.366223E-03	8.243809E+02 
2.600000E+00	12	-7.441962E-02	1.361918E-02	-8.229303E+02 
2.610000E+00	12	-7.435742E-02	-1.179537E-03	8.199706E+02 
2.620000E+00	12	-7.429697E-02	1.326958E-02	-8.170808E+02 
2.630000E+00	12	-7.418367E-02	9.390553E-03	8.163050E+02 
2.640000E+00	12	-7.411801E-02	3.740875E-03	-8.174349E+02 
2.650000E+00	12	-7.405097E-02	9.666956E-03	8.186201E+02 
2.660000E+00	12	-7.396727E-02	7.074342E-03	-8.191386E+02 
2.670000E+00	12	-7.392810E-02	7.587157E-04	8.178755E+02 
2.680000E+00	12	-7.390857E-02	3.146550E-03	-8.173979E+02 
2.690000E+00	12	-7.386135E-02	6.299070E-03	8.180284E+02 
2.700000E+00	12	-7.389130E-02	-1.229058E-02	-8.217464E+02 
2.710000E+00	12	-7.391038E-02	8.475812E-03	8.258997E+02 
2.720000E+00	12	-7.391122E-02	-8.645063E-03	-8.293238E+02 
2.730000E+00	12	-7.400779E-02	-1.066736E-02	8.289194E+02 
2.740000E+00	12	-7.402347E-02	7.530237E-03	-8.252799E+02 
2.750000E+00	12	-7.409266E-02	-2.136710E-02	8.195004E+02 
2.760000E+00	12	-7.417463E-02	4.972099E-03	-8.142325E+02 
2.770000E+00	12	-7.420462E-02	-1.096950E-02	8.110442E+02 
2.780000E+00	12	-7.427372E-02	-2.850477E-03	-8.094204E+02 
2.790000E+00	12	-7.432442E-02	-7.289620E-03	8.085326E+02 
2.800000E+00	12	-7.434322E-02	3.528466E-03	-8.063690E+02 
2.810000E+00	12	-7.436661E-02	-8.206769E-03	8.040219E+02 
2.820000E+00	12	-7.439908E-02	1.713296E-03	-8.020379E+02 
2.830000E+00	12	-7.435095E-02	7.913370E-03	8.032779E+02 
2.840000E+00	12	-7.437215E-02	-1.215445E-02	-8.072915E+02 
2.850000E+00	12	-7.433539E-02	1.950762E-02	8.136239E+02 
2.860000E+00	12	-7.427337E-02	-7.104762E-03	-8.189464E+02 
2.870000E+00	12	-7.427642E-02	6.495607E-03	8.216665E+02 
2.880000E+00	12	-7.419465E-02	9.858758E-03	-8.209938E+02 
2.890000E+00	12	-7.415885E-02	-2.698421E-03	8.184824E+02 
2.900000E+00	12	-7.413127E-02	8.214626E-03	-8.162998E+02 
2.910000E+00	12	-7.407257E-02	3.524757E-03	8.153618E+02 
2.920000E+00	12	-7.404578E-02	1.833762E-03	-8.157000E+02 
2.930000E+00	12	-7.404005E-02	-6.891584E-04	8.151954E+02 
2.940000E+00	12	-7.400233E-02	8.233783E-03	-8.134108E+02 
2.950000E+00	12	-7.400683E-02	-9.134290E-03	8.099372E+02 
2.960000E+00	12	-7.403374E-02	3.753491E-03	-8.073597E+02 
2.970000E+00	12	-7.400591E-02	1.812044E-03	8.069714E+02 
2.980000E+00	12	-7.406682E-02	-1.399446E-02	-8.101327E+02 
2.990000E+00	12	-7.408328E-02	1.070357E-02	8.150723E+02 
3.000000E+00	12	-7.409274E-02	-1.259646E-02	-8.197323E+02 
3.010000E+00	12	-7.416605E-02	-2.065927E-03	8.218384E+02 
3.020000E+00	12	-7.416834E-02	1.607784E-03	-8.211037E+02 
3.030000E+00	12	-7.420424E-02	-8.787254E-03	8.190246E+02 
3.040000E+00	12	-7.424914E-02	-1.928742E-04	-8.173058E+02 
3.050000E+00	12	-7.425077E-02	-1.328027E-04	8.173178E+02 
3.060000E+00	12	-7.426793E-02	-3.299786E-03	-8.179512E+02 
3.070000E+00	12	-7.429653E-02	-2.419121E-03	8.181273E+02 
3.080000E+00	12	-7.427086E-02	7.551409E-03	-8.161332E+02 
3.090000E+00	12	-7.427422E-02	-8.222092E-03	8.129785E+02 
3.100000E+00	12	-7.428316E-02	6.433415E-03	-8.100474E+02 
3.110000E+00	12	-7.422309E-02	5.581433E-03	8.098770E+02 
3.120000E+00	12	-7.424067E-02	-9.098698E-03	-8.128130E+02 
3.130000E+00	12	-7.420547E-02	1.614019E-02	8.178608E+02 
3.140000E+00	12	-7.415861E-02	-6.768320E-03	-8.224425E+02 
3.150000E+00	12	-7.417335E-02	3.820376E-03	8.245603E+02 
3.160000E+00	12	-7.412054E-02	6.740203E-03	-8.239763E+02 
3.170000E+00	12	-7.410706E-02	-4.043034E-03	8.218196E+02 
3.180000E+00	12	-7.410661E-02	4.133017E-03	-8.201844E+02 
3.190000E+00	12	-7.408240E-02	7.092017E-04	8.194997E+02 
3.200000E+00	12	-7.407195E-02	1.380858E-03	-8.193653E+02 
3.210000E+00	12	-7.410012E-02	-7.015215E-03	8.176861E+02 
3.220000E+00	12	-7.407358E-02	1.232224E-02	-8.138186E+02 
3.230000E+00	12	-7.409536E-02	-1.667825E-02	8.080185E+02 
3.240000E+00	12	-7.413039E-02	9.672123E-03	-8.027485E+02 
3.250000E+00	12	-7.410150E-02	-3.892767E-03	8.000355E+02 
3.260000E+00	12	-7.416298E-02	-8.404524E-03	-8.009378E+02 
3.270000E+00	12	-7.416326E-02	8.348903E-03	8.042885E+02 
3.280000E+00	12	-7.416826E-02	-9.348764E-03	-8.078280E+02 
3.290000E+00	12	-7.421183E-02	6.355689E-04	8.098249E+02 
3.300000E+00	12	-7.420741E-02	2.483599E-04	-8.099024E+02 
3.310000E+00	12	-7.421166E-02	-1.099340E-03	8.096328E+02 
3.320000E+00	12	-7.424146E-02	-4.860951E-03	-8.103851E+02 
3.330000E+00	12	-7.422506E-02	8.141637E-03	8.129857E+02 
3.340000E+00	12	-7.421929E-02	-6.986856E-03	-8.160114E+02 
3.350000E+00	12	-7.424354E-02	2.135740E-03	8.178359E+02 
3.360000E+00	12	-7.420036E-02	6.499762E-03	-8.169631E+02 
3.370000E+00	12	-7.420554E-02	-7.535174E-03	8.141561E+02 
3.380000E+00	12	-7.420937E-02	6.769961E-03	-8.112951E+02 
3.390000E+00	12	-7.415717E-02	3.669339E-03	8.106749E+02 
3.400000E+00	12	-7.417969E-02	-8.173567E-03	-8.130435E+02 
3.410000E+00	12	-7.415637E-02	1.283731E-02	8.172457E+02 
3.420000E+00	12	-7.412562E-02	-6.687188E-03	-8.211506E+02 
3.430000E+00	12	-7.414865E-02	2.082079E-03	8.229044E+02 
3.440000E+00	12	-7.412030E-02	3.587018E-03	-8.226035E+02 
3.450000E+00	12	-7.411352E-02	-2.231121E-03	8.214398E+02 
3.460000E+00	12	-7.413127E-02	-1.317471E-03	-8.212571E+02 
3.470000E+00	12	-7.411960E-02	3.649930E-03	8.222506E+02 
3.480000E+00	12	-7.411282E-02	-2.292563E-03	-8.234391E+02 
3.490000E+00	12	-7.415447E-02	-6.038495E-03	8.226899E+02 
3.500000E+00	12	-7.412331E-02	1.227011E-02	-8.190282E+02 
3.510000E+00	12	-7.415064E-02	-1.773560E-02	8.130270E+02 
3.520000E+00	12	-7.417672E-02	1.251971E-02	-8.069760E+02 
3.530000E+00	12	-7.414648E-02	-6.471862E-03	8.031776E+02 
3.540000E+00	12	-7.419474E-02	-3.180484E-03	-8.025194E+02 
3.550000E+00	12	-7.418736E-02	4.657496E-03	8.040870E+02 
3.560000E+00	12	-7.418248E-02	-3.682487E-03	-8.057550E+02 
3.570000E+00	12	-7.420875E-02	-1.570900E-03	8.061773E+02 
3.580000E+00	12	-7.420257E-02	2.806762E-03	-8.053018E+02 
3.590000E+00	12	-7.418762E-02	1.839543E-04	8.047772E+02 
3.600000E+00	12	-7.421566E-02	-5.792187E-03	-8.059724E+02 
3.610000E+00	12	-7.419123E-02	1.067800E-02	8.092665E+02 
3.620000E+00	12	-7.417947E-02	-8.326907E-03	-8.130674E+02 
3.630000E+00	12	-7.420647E-02	2.927560E-03	8.153183E+02 
3.640000E+00	12	-7.416002E-02	6.362955E-03	-8.146312E+02 
3.650000E+00	12	-7.417215E-02	-8.788648E-03	8.116009E+02 
3.660000E+00	12	-7.417746E-02	7.726659E-03	-8.082979E+02 
3.670000E+00	12	-7.413618E-02	5.286321E-04	8.068583E+02 
3.680000E+00	12	-7.416231E-02	-5.754338E-03	-8.081149E+02 
3.690000E+00	12	-7.414954E-02	8.309035E-03	8.109275E+02 
3.700000E+00	12	-7.412920E-02	-4.242189E-03	-8.134378E+02 
3.710000E+00	12	-7.415282E-02	-4.811207E-04	8.141900E+02 
3.720000E+00	12	-7.414292E-02	2.459825E-03	-8.136018E+02 
3.730000E+00	12	-7.412926E-02	2.730363E-04	8.131644E+02 
3.740000E+00	12	-7.416170E-02	-6.760103E-03	-8.145711E+02 
3.750000E+00	12	-7.414581E-02	9.936954E-03	8.179105E+02 
3.760000E+00	12	-7.414253E-02	-9.280432E-03	-8.217540E+02 
3.770000E+00	12	-7.418247E-02	1.292012E-03	8.238684E+02 
3.780000E+00	12	-7.414803E-02	5.596935E-03	-8.230075E+02 
3.790000E+00	12	-7.417285E-02	-1.056120E-02	8.197758E+02 
3.800000E+00	12	-7.419009E-02	7.112906E-03	-8.162410E+02 
3.810000E+00	12	-7.416043E-02	-1.181105E-03	8.145822E+02 
3.820000E+00	12	-7.419387E-02	-5.507111E-03	-8.154474E+02 
3.830000E+00	12	-7.418889E-02	6.502646E-03	8.178494E+02 
3.840000E+00	12	-7.417252E-02	-3.228575E-03	-8.197956E+02 
3.850000E+00	12	-7.419531E-02	-1.328384E-03	8.201756E+02 
3.860000E+00	12	-7.418732E-02	2.925554E-03	-8.193249E+02 
3.870000E+00	12	-7.416623E-02	1.292962E-03	8.189983E+02 
3.880000E+00	12	-7.419468E-02	-6.982415E-03	-8.206534E+02 
3.890000E+00	12	-7.417116E-02	1.168550E-02	8.243870E+02 
3.900000E+00	12	-7.415699E-02	-8.851153E-03	-8.284943E+02 
3.910000E+00	12	-7.419090E-02	2.069712E-03	8.306785E+02 
3.920000E+00	12	-7.414310E-02	7.488807E-03	-8.295947E+02 
3.930000E+00	12	-7.416396E-02	-1.166094E-02	8.257647E+02 
3.940000E+00	12	-7.416765E-02	1.092456E-02	-8.212476E+02 
3.950000E+00	12	-7.413913E-02	-5.221054E-03	8.180185E+02 
3.960000E+00	12	-7.416021E-02	1.005639E-03	-8.167732E+02 
3.970000E+00	12	-7.416006E-02	-9.773542E-04	8.163766E+02 
3.980000E+00	12	-7.413861E-02	5.268684E-03	-8.151274E+02 
3.990000E+00	12	-7.416401E-02	-1.034971E-02	8.120037E+02 
4.000000E+00	12	-7.416193E-02	1.076555E-02	-8.077806E+02 
4.010000E+00	12	-7.414039E-02	-6.457794E-03	8.043360E+02 
4.020000E+00	12	-7.418149E-02	-1.761198E-03	-8.033966E+02 
4.030000E+00	12	-7.415717E-02	6.626110E-03	8.050741E+02 
4.040000E+00	12	-7.415814E-02	-6.820441E-03	-8.077634E+02 
4.050000E+00	12	-7.418966E-02	5.152018E-04	8.092305E+02 
4.060000E+00	12	-7.415823E-02	5.772246E-03	-8.081791E+02 
4.070000E+00	12	-7.417440E-02	-9.006831E-03	8.052233E+02 
4.080000E+00	12	-7.419109E-02	5.668826E-03	-8.022882E+02 
4.090000E+00	12	-7.415907E-02	7.341449E-04	8.013013E+02 
4.100000E+00	12	-7.418538E-02	-5.995942E-03	-8.026473E+02 
4.110000E+00	12	-7.418310E-02	6.452063E-03	8.051369E+02 
4.120000E+00	12	-7.416166E-02	-2.164580E-03	-8.068602E+02 
4.130000E+00	12	-7.418266E-02	-2.035129E-03	8.068861E+02 
4.140000E+00	12	-7.417844E-02	2.879271E-03	-8.059032E+02 
4.150000E+00	12	-7.415170E-02	2.470166E-03	8.058214E+02 
4.160000E+00	12	-7.418655E-02	-9.441886E-03	-8.082038E+02 
4.170000E+00	12	-7.416052E-02	1.464857E-02	8.130219E+02 
4.180000E+00	12	-7.415144E-02	-1.283203E-02	-8.185180E+02 
4.190000E+00	12	-7.418434E-02	6.250862E-03	8.223346E+02 
4.200000E+00	12	-7.414292E-02	2.033728E-03	-8.231780E+02 
4.210000E+00	12	-7.416290E-02	-6.029042E-03	8.215655E+02 
4.220000E+00	12	-7.416983E-02	4.643320E-03	-8.194310E+02 
4.230000E+00	12	-7.414648E-02	2.582015E-05	8.185075E+02 
4.240000E+00	12	-7.416261E-02	-3.252153E-03	-8.191631E+02 
4.250000E+00	12	-7.417175E-02	1.424209E-03	8.200984E+02 
4.260000E+00	12	-7.414456E-02	4.014666E-03	-8.195803E+02 
4.270000E+00	12	-7.417323E-02	-9.749044E-03	8.168275E+02 
4.280000E+00	12	-7.417107E-02	1.018114E-02	-8.128415E+02 
4.290000E+00	12	-7.414689E-02	-5.344675E-03	8.097363E+02 
4.300000E+00	12	-7.418835E-02	-2.948847E-03	-8.092572E+02 
4.310000E+00	12	-7.416188E-02	8.244569E-03	8.114958E+02 
4.320000E+00	12	-7.416147E-02	-8.163257E-03	-8.147774E+02 
4.330000E+00	12	-7.418988E-02	2.480893E-03	8.169062E+02 
4.340000E+00	12	-7.415902E-02	3.691747E-03	-8.166641E+02 
4.350000E+00	12	-7.417126E-02	-6.141090E-03	8.146975E+02 
4.360000E+00	12	-7.418625E-02	3.144436E-03	-8.128404E+02 
4.370000E+00	12	-7.415732E-02	2.641398E-03	8.127398E+02 
4.380000E+00	12	-7.417469E-02	-6.115849E-03	-8.144912E+02 
4.390000E+00	12	-7.418167E-02	4.719526E-03	8.166583E+02 
4.400000E+00	12	-7.415175E-02	1.265269E-03	-8.173492E+02 
4.410000E+00	12	-7.417827E-02	-6.569688E-03	8.157822E+02 
4.420000E+00	12	-7.417282E-02	7.660124E-03	-8.129362E+02 
4.430000E+00	12	-7.414701E-02	-2.499174E-03	8.109043E+02 
4.440000E+00	12	-7.418354E-02	-4.805675E-03	-8.113656E+02 
4.450000E+00	12	-7.415813E-02	9.886644E-03	8.143041E+02 
4.460000E+00	12	-7.415233E-02	-8.725882E-03	-8.180266E+02 
4.470000E+00	12	-7.418217E-02	2.758466E-03	8.203235E+02 
4.480000E+00	12	-7.414902E-02	3.871496E-03	-8.201009E+02 
4.490000E+00	12	-7.416197E-02	-6.461710E-03	8.180342E+02 
4.500000E+00	12	-7.417623E-02	3.608967E-03	-8.160201E+02 
4.510000E+00	12	-7.415053E-02	1.531490E-03	8.156046E+02 
4.520000E+00	12	-7.416607E-02	-4.639264E-03	-8.168388E+02 
4.530000E+00	12	-7.417805E-02	2.243406E-03	8.182153E+02 
4.540000E+00	12	-7.414813E-02	3.739389E-03	-8.179161E+02 
4.550000E+00	12	-7.417667E-02	-9.446474E-03	8.152789E+02 
4.560000E+00	12	-7.417514E-02	9.751374E-03	-8.114394E+02 
4.570000E+00	12	-7.414833E-02	-4.388366E-03	8.086114E+02 
4.580000E+00	12	-7.418956E-02	-3.858289E-03	-8.085054E+02 
4.590000E+00	12	-7.416233E-02	9.304380E-03	8.111379E+02 
4.600000E+00	12	-7.416097E-02	-9.031896E-03	-8.148052E+02 
4.610000E+00	12	-7.418672E-02	3.881651E-03	8.173879E+02 
4.620000E+00	12	-7.415891E-02	1.679856E-03	-8.178282E+02 
4.630000E+00	12	-7.416631E-02	-3.158896E-03	8.168605E+02 
4.640000E+00	12	-7.418318E-02	-2.152087E-04	-8.162718E+02 
4.650000E+00	12	-7.415584E-02	5.682975E-03	8.174514E+02 
4.660000E+00	12	-7.416751E-02	-8.016538E-03	-8.201913E+02 
4.670000E+00	12	-7.418273E-02	4.971336E-03	8.227889E+02 
4.680000E+00	12	-7.414560E-02	2.455883E-03	-8.232920E+02 
4.690000E+00	12	-7.417843E-02	-9.023322E-03	8.209961E+02 
4.700000E+00	12	-7.416980E-02	1.075035E-02	-8.170414E+02 
4.710000E+00	12	-7.414793E-02	-6.376527E-03	8.136160E+02 
4.720000E+00	12	-7.418173E-02	-3.826836E-04	-8.124172E+02 
4.730000E+00	12	-7.416038E-02	4.651546E-03	8.134241E+02 
4.740000E+00	12	-7.415363E-02	-3.301355E-03	-8.150147E+02 
4.750000E+00	12	-7.418209E-02	-2.390299E-03	8.151969E+02 
4.760000E+00	12	-7.415500E-02	7.809105E-03	-8.131570E+02 
4.770000E+00	12	-7.416035E-02	-8.879365E-03	8.098193E+02 
4.780000E+00	12	-7.418193E-02	4.562784E-03	-8.071309E+02 
4.790000E+00	12	-7.415166E-02	1.490322E-03	8.065164E+02 
4.800000E+00	12	-7.416826E-02	-4.810277E-03	-8.077765E+02 
4.810000E+00	12	-7.418037E-02	2.389424E-03	8.092164E+02 
4.820000E+00	12	-7.414974E-02	3.735409E-03	-8.089472E+02 
4.830000E+00	12	-7.417671E-02	-9.128432E-03	8.063745E+02 
4.840000E+00	12	-7.417650E-02	9.170358E-03	-8.027147E+02 
4.850000E+00	12	-7.414791E-02	-3.451979E-03	8.001903E+02 
4.860000E+00	12	-7.418823E-02	-4.613205E-03	-8.004225E+02 
4.870000E+00	12	-7.416207E-02	9.845482E-03	8.033142E+02 
4.880000E+00	12	-7.415955E-02	-9.341055E-03	-8.071515E+02 
4.890000E+00	12	-7.418325E-02	4.601019E-03	8.099400E+02 
4.900000E+00	12	-7.416015E-02	1.849160E-05	-8.108565E+02 
4.910000E+00	12	-7.416110E-02	-2.081000E-04	8.108111E+02 
4.920000E+00	12	-7.418350E-02	-4.271257E-03	-8.116238E+02 
4.930000E+00	12	-7.415394E-02	1.018193E-02	8.145144E+02 
4.940000E+00	12	-7.416501E-02	-1.239458E-02	-8.190297E+02 
4.950000E+00	12	-7.418332E-02	8.732308E-03	8.232551E+02 
4.960000E+00	12	-7.414392E-02	-8.530944E-04	-8.251722E+02 
4.970000E+00	12	-7.417877E-02	-6.115577E-03	8.241197E+02 
4.980000E+00	12	-7.416939E-02	7.989994E-03	-8.212986E+02 
4.990000E+00	12	-7.415000E-02	-4.111886E-03	8.188782E+02 
5.000000E+00	12	-7.418017E-02	-1.922220E-03	-8.184403E+02 
5.010000E+00	12	-7.416414E-02	5.129957E-03	8.198507E+02 
5.020000E+00	12	-7.415343E-02	-2.988976E-03	-8.214745E+02 
5.030000E+00	12	-7.418313E-02	-2.950645E-03	8.214821E+02 
5.040000E+00	12	-7.415838E-02	7.900930E-03	-8.193118E+02 
5.050000E+00	12	-7.415923E-02	-8.071501E-03	8.161173E+02 
5.060000E+00	12	-7.418459E-02	3.000175E-03	-8.139030E+02 
5.070000E+00	12	-7.415266E-02	3.384581E-03	8.139799E+02 
5.080000E+00	12	-7.416762E-02	-6.375402E-03	-8.159319E+02 
5.090000E+00	12	-7.418232E-02	3.434500E-03	8.178939E+02 
5.100000E+00	12	-7.414867E-02	3.294803E-03	-8.179218E+02 
5.110000E+00	12	-7.417723E-02	-9.005494E-03	8.154617E+02 
5.120000E+00	12	-7.417488E-02	9.475183E-03	-8.117656E+02 
5.130000E+00	12	-7.414948E-02	-4.394947E-03	8.089916E+02 
5.140000E+00	12	-7.418388E-02	-2.485760E-03	-8.086097E+02 
5.150000E+00	12	-7.416480E-02	6.303024E-03	8.103675E+02 
5.160000E+00	12	-7.415591E-02	-4.526047E-03	-8.125333E+02 
5.170000E+00	12	-7.418280E-02	-8.508011E-04	8.132684E+02 
5.180000E+00	12	-7.416054E-02	5.301057E-03	-8.120380E+02 
5.190000E+00	12	-7.415811E-02	-4.814838E-03	8.100148E+02 
5.200000E+00	12	-7.418466E-02	-4.941279E-04	-8.091507E+02 
5.210000E+00	12	-7.415264E-02	6.897844E-03	8.106291E+02 
5.220000E+00	12	-7.416513E-02	-9.395890E-03	-8.138878E+02 
5.230000E+00	12	-7.418261E-02	5.900570E-03	8.169471E+02 
5.240000E+00	12	-7.414584E-02	1.452546E-03	-8.178367E+02 
5.250000E+00	12	-7.417674E-02	-7.631659E-03	8.160199E+02 
5.260000E+00	12	-7.417217E-02	8.543958E-03	-8.127847E+02 
5.270000E+00	12	-7.414960E-02	-4.028596E-03	8.102702E+02 
5.280000E+00	12	-7.418073E-02	-2.198649E-03	-8.099042E+02 
5.290000E+00	12	-7.416552E-02	5.241820E-03	8.113923E+02 
5.300000E+00	12	-7.415441E-02	-3.019220E-03	-8.130445E+02 
5.310000E+00	12	-7.418192E-02	-2.483119E-03	8.131518E+02 
5.320000E+00	12	-7.416227E-02	6.412440E-03	-8.113727E+02 
5.330000E+00	12	-7.415602E-02	-5.162775E-03	8.090576E+02 
5.340000E+00	12	-7.418762E-02	-1.156396E-03	-8.082563E+02 
5.350000E+00	12	-7.415147E-02	8.386126E-03	8.101648E+02 
5.360000E+00	12	-7.416786E-02	-1.166511E-02	-8.141751E+02 
5.370000E+00	12	-7.418199E-02	8.840615E-03	8.182762E+02 
5.380000E+00	12	-7.414887E-02	-2.216945E-03	-8.204877E+02 
5.390000E+00	12	-7.417621E-02	-3.250472E-03	8.202810E+02 
5.400000E+00	12	-7.417403E-02	3.684976E-03	-8.188940E+02 
Time	Node	DY	VY	AY 
4.100000E-01	12	-4.014441E-03	1.660599E+01	2.411535E+03 
4.200000E-01	12	-1.338588E-02	-1.848028E+01	-9.428790E+03 
4.300000E-01	12	-2.644468E-02	1.586852E+01	1.629855E+04 
4.400000E-01	12	-3.718918E-02	-1.801742E+01	-2.307574E+04 
4.500000E-01	12	-4.477801E-02	1.649965E+01	2.997915E+04 
4.600000E-01	12	-5.438409E-02	-1.842087E+01	-3.696326E+04 
4.700000E-01	12	-7.034341E-02	1.522901E+01	4.369324E+04 
4.800000E-01	12	-9.180003E-02	-1.952033E+01	-5.064310E+04 
4.900000E-01	12	-1.120117E-01	1.547800E+01	5.764277E+04 
5.000000E-01	12	-1.244556E-01	-1.796678E+01	-6.433172E+04 
5.100000E-01	12	-1.288996E-01	1.707798E+01	7.134068E+04 
5.200000E-01	12	-1.302596E-01	-1.734996E+01	-7.822626E+04 
5.300000E-01	12	-1.337632E-01	1.664924E+01	8.502610E+04 
5.400000E-01	12	-1.386765E-01	-1.763189E+01	-9.188233E+04 
5.500000E-01	12	-1.392836E-01	1.751047E+01	9.891080E+04 
5.600000E-01	12	-1.304351E-01	-1.574077E+01	-1.055610E+05 
5.700000E-01	12	-1.132475E-01	1.917828E+01	1.125449E+05 
5.800000E-01	12	-9.433516E-02	-1.539580E+01	-1.194597E+05 
5.900000E-01	12	-7.964630E-02	1.833357E+01	1.262055E+05 
6.000000E-01	12	-6.969199E-02	-1.634271E+01	-1.331408E+05 
6.100000E-01	12	-5.912065E-02	1.845698E+01	1.401007E+05 
6.200000E-01	12	-4.395637E-02	-1.542412E+01	-1.468770E+05 
6.300000E-01	12	-2.578838E-02	1.905772E+01	1.537733E+05 
6.400000E-01	12	-1.129670E-02	-1.615938E+01	-1.608168E+05 
6.500000E-01	12	-6.362028E-03	1.714632E+01	1.674779E+05 
6.600000E-01	12	-1.013233E-02	-1.790038E+01	-1.744872E+05 
6.700000E-01	12	-1.687106E-02	1.655263E+01	1.813778E+05 
6.800000E-01	12	-2.128962E-02	-1.743634E+01	-1.881756E+05 
6.900000E-01	12	-2.431198E-02	1.683187E+01	1.950293E+05 
7.000000E-01	12	-3.135272E-02	-1.824002E+01	-2.020437E+05 
7.100000E-01	12	-4.677105E-02	1.515635E+01	2.087229E+05 
7.200000E-01	12	-6.841766E-02	-1.948568E+01	-2.156513E+05 
7.300000E-01	12	-8.908469E-02	1.535227E+01	2.226189E+05 
7.400000E-01	12	-1.032440E-01	-1.818412E+01	-2.293262E+05 
7.500000E-01	12	-1.109788E-01	1.663715E+01	2.362905E+05 
7.600000E-01	12	-1.179890E-01	-1.803918E+01	-2.432257E+05 
7.700000E-01	12	-1.281315E-01	1.601068E+01	2.500357E+05 
7.800000E-01	12	-1.393925E-01	-1.826287E+01	-2.568904E+05 
7.900000E-01	12	-1.453228E-01	1.707680E+01	2.639583E+05 
8.000000E-01	12	-1.410361E-01	-1.621945E+01	-2.706176E+05 
8.100000E-01	12	-1.284855E-01	1.872956E+01	2.776074E+05 
8.200000E-01	12	-1.141925E-01	-1.587096E+01	-2.845275E+05 
8.300000E-01	12	-1.034810E-01	1.801325E+01	2.913043E+05 
8.400000E-01	12	-9.509862E-02	-1.633677E+01	-2.981743E+05 
8.500000E-01	12	-8.383502E-02	1.858949E+01	3.051596E+05 
8.600000E-01	12	-6.603230E-02	-1.502895E+01	-3.118833E+05 
8.700000E-01	12	-4.453427E-02	1.932855E+01	3.187548E+05 
8.800000E-01	12	-2.681949E-02	-1.578560E+01	-3.257776E+05 
8.900000E-01	12	-1.772078E-02	1.760534E+01	3.324558E+05 
9.000000E-01	12	-1.619584E-02	-1.730035E+01	-3.394369E+05 
9.100000E-01	12	-1.610951E-02	1.731762E+01	3.463605E+05 
9.200000E-01	12	-1.355515E-02	-1.680674E+01	-3.531854E+05 
9.300000E-01	12	-1.074611E-02	1.736855E+01	3.600205E+05 
9.400000E-01	12	-1.381632E-02	-1.798259E+01	-3.670907E+05 
9.500000E-01	12	-2.654986E-02	1.543588E+01	3.737744E+05 
9.600000E-01	12	-4.592056E-02	-1.931002E+01	-3.807236E+05 
9.700000E-01	12	-6.488047E-02	1.551804E+01	3.876892E+05 
9.800000E-01	12	-7.824315E-02	-1.819058E+01	-3.944309E+05 
9.900000E-01	12	-8.776673E-02	1.628586E+01	4.013262E+05 
1.000000E+00	12	-9.873465E-02	-1.847945E+01	-4.082792E+05 
1.010000E+00	12	-1.142261E-01	1.538115E+01	4.150514E+05 
1.020000E+00	12	-1.310553E-01	-1.874699E+01	-4.218770E+05 
1.030000E+00	12	-1.418420E-01	1.658966E+01	4.289443E+05 
1.040000E+00	12	-1.426550E-01	-1.675227E+01	-4.356127E+05 
1.050000E+00	12	-1.357331E-01	1.813665E+01	4.425905E+05 
1.060000E+00	12	-1.277107E-01	-1.653217E+01	-4.495243E+05 
1.070000E+00	12	-1.225173E-01	1.757085E+01	4.563449E+05 
1.080000E+00	12	-1.178286E-01	-1.663312E+01	-4.631857E+05 
1.090000E+00	12	-1.078390E-01	1.863105E+01	4.702385E+05 
1.100000E+00	12	-8.970102E-02	-1.500346E+01	-4.769654E+05 
1.110000E+00	12	-6.743748E-02	1.945617E+01	4.838573E+05 
1.120000E+00	12	-4.820699E-02	-1.561007E+01	-4.908706E+05 
1.130000E+00	12	-3.679384E-02	1.789270E+01	4.975711E+05 
1.140000E+00	12	-3.070551E-02	-1.667504E+01	-5.044847E+05 
1.150000E+00	12	-2.434234E-02	1.794767E+01	5.114092E+05 
1.160000E+00	12	-1.497544E-02	-1.607429E+01	-5.182136E+05 
1.170000E+00	12	-5.952738E-03	1.787883E+01	5.250042E+05 
1.180000E+00	12	-4.192895E-03	-1.752686E+01	-5.320854E+05 
1.190000E+00	12	-1.262754E-02	1.583994E+01	5.387587E+05 
1.200000E+00	12	-2.780765E-02	-1.887596E+01	-5.457019E+05 
1.210000E+00	12	-4.258570E-02	1.592035E+01	5.526612E+05 
1.220000E+00	12	-5.324638E-02	-1.805248E+01	-5.594557E+05 
1.230000E+00	12	-6.225561E-02	1.625064E+01	5.663164E+05 
1.240000E+00	12	-7.522802E-02	-1.884512E+01	-5.733355E+05 
1.250000E+00	12	-9.428824E-02	1.503308E+01	5.801111E+05 
1.260000E+00	12	-1.147350E-01	-1.912243E+01	-5.869422E+05 
1.270000E+00	12	-1.295599E-01	1.615745E+01	5.939982E+05 
1.280000E+00	12	-1.348519E-01	-1.721586E+01	-6.006729E+05 
1.290000E+00	12	-1.339019E-01	1.740587E+01	6.075972E+05 
1.300000E+00	12	-1.328664E-01	-1.719877E+01	-6.145182E+05 
1.310000E+00	12	-1.342492E-01	1.692220E+01	6.213424E+05 
1.320000E+00	12	-1.346422E-01	-1.700079E+01	-6.281270E+05 
1.330000E+00	12	-1.277381E-01	1.838162E+01	6.352034E+05 
1.340000E+00	12	-1.116412E-01	-1.516224E+01	-6.419122E+05 
1.350000E+00	12	-9.081060E-02	1.932836E+01	6.488103E+05 
1.360000E+00	12	-7.274144E-02	-1.571453E+01	-6.558189E+05 
1.370000E+00	12	-6.070207E-02	1.812241E+01	6.625863E+05 
1.380000E+00	12	-5.178056E-02	-1.633810E+01	-6.694784E+05 
1.390000E+00	12	-4.049665E-02	1.859489E+01	6.764650E+05 
1.400000E+00	12	-2.508108E-02	-1.551177E+01	-6.832863E+05 
1.410000E+00	12	-1.065103E-02	1.839778E+01	6.900682E+05 
1.420000E+00	12	-3.753673E-03	-1.701831E+01	-6.971515E+05 
1.430000E+00	12	-7.168422E-03	1.633536E+01	7.038222E+05 
1.440000E+00	12	-1.665291E-02	-1.823226E+01	-7.107357E+05 
1.450000E+00	12	-2.557535E-02	1.644777E+01	7.176717E+05 
1.460000E+00	12	-3.152669E-02	-1.763804E+01	-7.244889E+05 
1.470000E+00	12	-3.806498E-02	1.633038E+01	7.312826E+05 
1.480000E+00	12	-5.091311E-02	-1.890001E+01	-7.383286E+05 
1.490000E+00	12	-7.100201E-02	1.488223E+01	7.450851E+05 
1.500000E+00	12	-9.320250E-02	-1.932232E+01	-7.519260E+05 
1.510000E+00	12	-1.099666E-01	1.596951E+01	7.589844E+05 
1.520000E+00	12	-1.187429E-01	-1.772476E+01	-7.657232E+05 
1.530000E+00	12	-1.231861E-01	1.683612E+01	7.726354E+05 
1.540000E+00	12	-1.288156E-01	-1.796201E+01	-7.795950E+05 
1.550000E+00	12	-1.372061E-01	1.628390E+01	7.864442E+05 
1.560000E+00	12	-1.431833E-01	-1.747932E+01	-7.931968E+05 
1.570000E+00	12	-1.407654E-01	1.796291E+01	8.002853E+05 
1.580000E+00	12	-1.284591E-01	-1.550165E+01	-8.069782E+05 
1.590000E+00	12	-1.114572E-01	1.890204E+01	8.138589E+05 
1.600000E+00	12	-9.666617E-02	-1.594385E+01	-8.208281E+05 
1.610000E+00	12	-8.630302E-02	1.801648E+01	8.276202E+05 
1.620000E+00	12	-7.654867E-02	-1.606561E+01	-8.344366E+05 
1.630000E+00	12	-6.203731E-02	1.896788E+01	8.414433E+05 
1.640000E+00	12	-4.263081E-02	-1.508658E+01	-8.482542E+05 
1.650000E+00	12	-2.379839E-02	1.885306E+01	8.550421E+05 
1.660000E+00	12	-1.271712E-02	-1.663681E+01	-8.621401E+05 
1.670000E+00	12	-1.103998E-02	1.697223E+01	8.688619E+05 
1.680000E+00	12	-1.412160E-02	-1.758856E+01	-8.757741E+05 
1.690000E+00	12	-1.627326E-02	1.715823E+01	8.827234E+05 
1.700000E+00	12	-1.608123E-02	-1.711982E+01	-8.895790E+05 
1.710000E+00	12	-1.857751E-02	1.662057E+01	8.963271E+05 
1.720000E+00	12	-2.913785E-02	-1.873264E+01	-9.033977E+05 
1.730000E+00	12	-4.806197E-02	1.494781E+01	9.101338E+05 
1.740000E+00	12	-6.933072E-02	-1.920156E+01	-9.169637E+05 
1.750000E+00	12	-8.604682E-02	1.585835E+01	9.239757E+05 
1.760000E+00	12	-9.649233E-02	-1.794745E+01	-9.307369E+05 
1.770000E+00	12	-1.048458E-01	1.627675E+01	9.375817E+05 
1.780000E+00	12	-1.164353E-01	-1.859465E+01	-9.445560E+05 
1.790000E+00	12	-1.308250E-01	1.571670E+01	9.514182E+05 
1.800000E+00	12	-1.424851E-01	-1.804873E+01	-9.581713E+05 
1.810000E+00	12	-1.449708E-01	1.755159E+01	9.652914E+05 
1.820000E+00	12	-1.376771E-01	-1.609286E+01	-9.720203E+05 
1.830000E+00	12	-1.262733E-01	1.837363E+01	9.789136E+05 
1.840000E+00	12	-1.166732E-01	-1.645361E+01	-9.858790E+05 
1.850000E+00	12	-1.100421E-01	1.777984E+01	9.927257E+05 
1.860000E+00	12	-1.014451E-01	-1.606044E+01	-9.994938E+05 
1.870000E+00	12	-8.613063E-02	1.912333E+01	1.006531E+06 
1.880000E+00	12	-6.466576E-02	-1.483036E+01	-1.013321E+06 
1.890000E+00	12	-4.369734E-02	1.902404E+01	1.020092E+06 
1.900000E+00	12	-2.974384E-02	-1.623334E+01	-1.027144E+06 
1.910000E+00	12	-2.371259E-02	1.743959E+01	1.033878E+06 
1.920000E+00	12	-2.086590E-02	-1.687025E+01	-1.040740E+06 
1.930000E+00	12	-1.577143E-02	1.788915E+01	1.047692E+06 
1.940000E+00	12	-9.125115E-03	-1.655989E+01	-1.054582E+06 
1.950000E+00	12	-6.417183E-03	1.710147E+01	1.061314E+06 
1.960000E+00	12	-1.312336E-02	-1.844271E+01	-1.068423E+06 
1.970000E+00	12	-2.873790E-02	1.531980E+01	1.075175E+06 
1.980000E+00	12	-4.675354E-02	-1.892293E+01	-1.082024E+06 
1.990000E+00	12	-6.109950E-02	1.605373E+01	1.089019E+06 
2.000000E+00	12	-7.107240E-02	-1.804831E+01	-1.095840E+06 
2.010000E+00	12	-8.167291E-02	1.592821E+01	1.102635E+06 
2.020000E+00	12	-9.718882E-02	-1.903139E+01	-1.109627E+06 
2.030000E+00	12	-1.164358E-01	1.518199E+01	1.116470E+06 
2.040000E+00	12	-1.325847E-01	-1.841177E+01	-1.123188E+06 
2.050000E+00	12	-1.396754E-01	1.699362E+01	1.130270E+06 
2.060000E+00	12	-1.379984E-01	-1.665822E+01	-1.137000E+06 
2.070000E+00	12	-1.329207E-01	1.767377E+01	1.143866E+06 
2.080000E+00	12	-1.300551E-01	-1.710064E+01	-1.150821E+06 
2.090000E+00	12	-1.285774E-01	1.739618E+01	1.157721E+06 
2.100000E+00	12	-1.231062E-01	-1.630195E+01	-1.164460E+06 
2.110000E+00	12	-1.090997E-01	1.910326E+01	1.171541E+06 
2.120000E+00	12	-8.814273E-02	-1.491187E+01	-1.178344E+06 
2.130000E+00	12	-6.728156E-02	1.908410E+01	1.185143E+06 
2.140000E+00	12	-5.244016E-02	-1.611583E+01	-1.192183E+06 
2.150000E+00	12	-4.370784E-02	1.786229E+01	1.198979E+06 
2.160000E+00	12	-3.567247E-02	-1.625521E+01	-1.205803E+06 
2.170000E+00	12	-2.438779E-02	1.851215E+01	1.212756E+06 
2.180000E+00	12	-1.135773E-02	-1.590614E+01	-1.219640E+06 
2.190000E+00	12	-3.269870E-03	1.752371E+01	1.226326E+06 
2.200000E+00	12	-5.282753E-03	-1.792629E+01	-1.233416E+06 
2.210000E+00	12	-1.583393E-02	1.581605E+01	1.240164E+06 
2.220000E+00	12	-2.880252E-02	-1.840977E+01	-1.247009E+06 
2.230000E+00	12	-3.858104E-02	1.645406E+01	1.253982E+06 
2.240000E+00	12	-4.610343E-02	-1.795854E+01	-1.260865E+06 
2.250000E+00	12	-5.669163E-02	1.584090E+01	1.267624E+06 
2.260000E+00	12	-7.415641E-02	-1.933386E+01	-1.274659E+06 
2.270000E+00	12	-9.600409E-02	1.496432E+01	1.281519E+06 
2.280000E+00	12	-1.149953E-01	-1.876257E+01	-1.288264E+06 
2.290000E+00	12	-1.257355E-01	1.661453E+01	1.295340E+06 
2.300000E+00	12	-1.289593E-01	-1.725928E+01	-1.302115E+06 
2.310000E+00	12	-1.306888E-01	1.691338E+01	1.308949E+06 
2.320000E+00	12	-1.347720E-01	-1.773002E+01	-1.315878E+06 
2.330000E+00	12	-1.394586E-01	1.679270E+01	1.322782E+06 
2.340000E+00	12	-1.384942E-01	-1.659982E+01	-1.329461E+06 
2.350000E+00	12	-1.276064E-01	1.877736E+01	1.336536E+06 
2.360000E+00	12	-1.095559E-01	-1.516725E+01	-1.343325E+06 
2.370000E+00	12	-9.113909E-02	1.885060E+01	1.350129E+06 
2.380000E+00	12	-7.773072E-02	-1.616893E+01	-1.357133E+06 
2.390000E+00	12	-6.806515E-02	1.810205E+01	1.363987E+06 
2.400000E+00	12	-5.679110E-02	-1.584724E+01	-1.370777E+06 
2.410000E+00	12	-4.055305E-02	1.909485E+01	1.377765E+06 
2.420000E+00	12	-2.244398E-02	-1.547303E+01	-1.384679E+06 
2.430000E+00	12	-9.630004E-03	1.803583E+01	1.391380E+06 
2.440000E+00	12	-6.575700E-03	-1.742497E+01	-1.398473E+06 
2.450000E+00	12	-1.156624E-02	1.642686E+01	1.405243E+06 
2.460000E+00	12	-1.791027E-02	-1.769566E+01	-1.412068E+06 
2.470000E+00	12	-2.171261E-02	1.693520E+01	1.418994E+06 
2.480000E+00	12	-2.498289E-02	-1.758925E+01	-1.425899E+06 
2.490000E+00	12	-3.348816E-02	1.588820E+01	1.432594E+06 
2.500000E+00	12	-5.060895E-02	-1.931236E+01	-1.439634E+06 
2.510000E+00	12	-7.262430E-02	1.490929E+01	1.446478E+06 
2.520000E+00	12	-9.233777E-02	-1.885198E+01	-1.453231E+06 
2.530000E+00	12	-1.048289E-01	1.635375E+01	1.460272E+06 
2.540000E+00	12	-1.120666E-01	-1.780130E+01	-1.467103E+06 
2.550000E+00	12	-1.195398E-01	1.630666E+01	1.473924E+06 
2.560000E+00	12	-1.304023E-01	-1.847915E+01	-1.480882E+06 
2.570000E+00	12	-1.412766E-01	1.630428E+01	1.487838E+06 
2.580000E+00	12	-1.452875E-01	-1.710646E+01	-1.494520E+06 
2.590000E+00	12	-1.391210E-01	1.833976E+01	1.501610E+06 
2.600000E+00	12	-1.255849E-01	-1.563253E+01	-1.508404E+06 
2.610000E+00	12	-1.119162E-01	1.836628E+01	1.515204E+06 
2.620000E+00	12	-1.020105E-01	-1.638516E+01	-1.522154E+06 
2.630000E+00	12	-9.355959E-02	1.807535E+01	1.529046E+06 
2.640000E+00	12	-8.106629E-02	-1.557669E+01	-1.535777E+06 
2.650000E+00	12	-6.200866E-02	1.938822E+01	1.542770E+06 
2.660000E+00	12	-4.068612E-02	-1.512371E+01	-1.549672E+06 
2.670000E+00	12	-2.437280E-02	1.838637E+01	1.556374E+06 
2.680000E+00	12	-1.722497E-02	-1.695681E+01	-1.563443E+06 
2.690000E+00	12	-1.634174E-02	1.713346E+01	1.570261E+06 
2.700000E+00	12	-1.585461E-02	-1.703603E+01	-1.577095E+06 
2.710000E+00	12	-1.278826E-02	1.764930E+01	1.584032E+06 
2.720000E+00	12	-1.050120E-02	-1.719189E+01	-1.591000E+06 
2.730000E+00	12	-1.548930E-02	1.619427E+01	1.597677E+06 
2.740000E+00	12	-2.989464E-02	-1.907534E+01	-1.604731E+06 
2.750000E+00	12	-4.982334E-02	1.508960E+01	1.611564E+06 
2.760000E+00	12	-6.776524E-02	-1.867798E+01	-1.618318E+06 
2.770000E+00	12	-8.002592E-02	1.622584E+01	1.625298E+06 
2.780000E+00	12	-8.937407E-02	-1.809547E+01	-1.632163E+06 
2.790000E+00	12	-1.012536E-01	1.571958E+01	1.638926E+06 
2.800000E+00	12	-1.176046E-01	-1.898978E+01	-1.645868E+06 
2.810000E+00	12	-1.337472E-01	1.576125E+01	1.652818E+06 
2.820000E+00	12	-1.428259E-01	-1.757699E+01	-1.659485E+06 
2.830000E+00	12	-1.415819E-01	1.782580E+01	1.666566E+06 
2.840000E+00	12	-1.340537E-01	-1.632017E+01	-1.673395E+06 
2.850000E+00	12	-1.265549E-01	1.781993E+01	1.680223E+06 
2.860000E+00	12	-1.218855E-01	-1.688607E+01	-1.687164E+06 
2.870000E+00	12	-1.167186E-01	1.791946E+01	1.694126E+06 
2.880000E+00	12	-1.050203E-01	-1.557981E+01	-1.700825E+06 
2.890000E+00	12	-8.560780E-02	1.946232E+01	1.707834E+06 
2.900000E+00	12	-6.329366E-02	-1.499949E+01	-1.714726E+06 
2.910000E+00	12	-4.557200E-02	1.854382E+01	1.721435E+06 
2.920000E+00	12	-3.554045E-02	-1.653751E+01	-1.728451E+06 
2.930000E+00	12	-2.984403E-02	1.767680E+01	1.735294E+06 
2.940000E+00	12	-2.282202E-02	-1.627240E+01	-1.742084E+06 
2.950000E+00	12	-1.288694E-02	1.825941E+01	1.748990E+06 
2.960000E+00	12	-4.870248E-03	-1.665607E+01	-1.755973E+06 
2.970000E+00	12	-4.958863E-03	1.663835E+01	1.762632E+06 
2.980000E+00	12	-1.530487E-02	-1.870755E+01	-1.769701E+06 
2.990000E+00	12	-3.085151E-02	1.559823E+01	1.776562E+06 
3.000000E+00	12	-4.481512E-02	-1.839095E+01	-1.783360E+06 
3.010000E+00	12	-5.473993E-02	1.640598E+01	1.790320E+06 
3.020000E+00	12	-6.406019E-02	-1.827004E+01	-1.797255E+06 
3.030000E+00	12	-7.840196E-02	1.540168E+01	1.803989E+06 
3.040000E+00	12	-9.826406E-02	-1.937410E+01	-1.810944E+06 
3.050000E+00	12	-1.182427E-01	1.537838E+01	1.817895E+06 
3.060000E+00	12	-1.311486E-01	-1.795957E+01	-1.824562E+06 
3.070000E+00	12	-1.348412E-01	1.722107E+01	1.831599E+06 
3.080000E+00	12	-1.334643E-01	-1.694569E+01	-1.838432E+06 
3.090000E+00	12	-1.329604E-01	1.704646E+01	1.845230E+06 
3.100000E+00	12	-1.348084E-01	-1.741605E+01	-1.852123E+06 
3.110000E+00	12	-1.341012E-01	1.755748E+01	1.859118E+06 
3.120000E+00	12	-1.254168E-01	-1.582060E+01	-1.865793E+06 
3.130000E+00	12	-1.077668E-01	1.935060E+01	1.872827E+06 
3.140000E+00	12	-8.699476E-02	-1.519618E+01	-1.879737E+06 
3.150000E+00	12	-7.014247E-02	1.856664E+01	1.886489E+06 
3.160000E+00	12	-5.913200E-02	-1.636455E+01	-1.893476E+06 
3.170000E+00	12	-5.014599E-02	1.816175E+01	1.900381E+06 
3.180000E+00	12	-3.779882E-02	-1.569231E+01	-1.907152E+06 
3.190000E+00	12	-2.205305E-02	1.884147E+01	1.914058E+06 
3.200000E+00	12	-8.483268E-03	-1.612751E+01	-1.921052E+06 
3.210000E+00	12	-3.756106E-03	1.707295E+01	1.927692E+06 
3.220000E+00	12	-8.805636E-03	-1.808285E+01	-1.934724E+06 
3.230000E+00	12	-1.855805E-02	1.613237E+01	1.941567E+06 
3.240000E+00	12	-2.685897E-02	-1.779255E+01	-1.948352E+06 
3.250000E+00	12	-3.228198E-02	1.670795E+01	1.955252E+06 
3.260000E+00	12	-3.979711E-02	-1.821098E+01	-1.962235E+06 
3.270000E+00	12	-5.417063E-02	1.533627E+01	1.968945E+06 
3.280000E+00	12	-7.534103E-02	-1.957035E+01	-1.975926E+06 
3.290000E+00	12	-9.693723E-02	1.525111E+01	1.982890E+06 
3.300000E+00	12	-1.120876E-01	-1.828119E+01	-1.989597E+06 
3.310000E+00	12	-1.195604E-01	1.678664E+01	1.996611E+06 
3.320000E+00	12	-1.238789E-01	-1.765035E+01	-2.003498E+06 
3.330000E+00	12	-1.303625E-01	1.635364E+01	2.010299E+06 
3.340000E+00	12	-1.387722E-01	-1.803557E+01	-2.017177E+06 
3.350000E+00	12	-1.436497E-01	1.706007E+01	2.024196E+06 
3.360000E+00	12	-1.390645E-01	-1.614303E+01	-2.030836E+06 
3.370000E+00	12	-1.252942E-01	1.889709E+01	2.037844E+06 
3.380000E+00	12	-1.083736E-01	-1.551296E+01	-2.044726E+06 
3.390000E+00	12	-9.449705E-02	1.828826E+01	2.051487E+06 
3.400000E+00	12	-8.484550E-02	-1.635795E+01	-2.058416E+06 
3.410000E+00	12	-7.437729E-02	1.845159E+01	2.065378E+06 
3.420000E+00	12	-5.868855E-02	-1.531385E+01	-2.072131E+06 
3.430000E+00	12	-3.870408E-02	1.931074E+01	2.079056E+06 
3.440000E+00	12	-2.097793E-02	-1.576551E+01	-2.086071E+06 
3.450000E+00	12	-1.184832E-02	1.759144E+01	2.092742E+06 
3.460000E+00	12	-1.157236E-02	-1.753624E+01	-2.099768E+06 
3.470000E+00	12	-1.484786E-02	1.688114E+01	2.106651E+06 
3.480000E+00	12	-1.616961E-02	-1.714550E+01	-2.113457E+06 
3.490000E+00	12	-1.606050E-02	1.716732E+01	2.120319E+06 
3.500000E+00	12	-1.969954E-02	-1.789512E+01	-2.127332E+06 
3.510000E+00	12	-3.219437E-02	1.539616E+01	2.133990E+06 
3.520000E+00	12	-5.221347E-02	-1.939998E+01	-2.140949E+06 
3.530000E+00	12	-7.291910E-02	1.525885E+01	2.147881E+06 
3.540000E+00	12	-8.832970E-02	-1.834097E+01	-2.154601E+06 
3.550000E+00	12	-9.780353E-02	1.644621E+01	2.161558E+06 
3.560000E+00	12	-1.066311E-01	-1.821172E+01	-2.168490E+06 
3.570000E+00	12	-1.190252E-01	1.573290E+01	2.175279E+06 
3.580000E+00	12	-1.336006E-01	-1.864797E+01	-2.182155E+06 
3.590000E+00	12	-1.437815E-01	1.661178E+01	2.189207E+06 
3.600000E+00	12	-1.441569E-01	-1.668687E+01	-2.195867E+06 
3.610000E+00	12	-1.355682E-01	1.840461E+01	2.202885E+06 
3.620000E+00	12	-1.241185E-01	-1.611465E+01	-2.209789E+06 
3.630000E+00	12	-1.154900E-01	1.784034E+01	2.216580E+06 
3.640000E+00	12	-1.088907E-01	-1.652046E+01	-2.223452E+06 
3.650000E+00	12	-9.928802E-02	1.844100E+01	2.230444E+06 
3.660000E+00	12	-8.240724E-02	-1.506484E+01	-2.237146E+06 
3.670000E+00	12	-6.036641E-02	1.947301E+01	2.244053E+06 
3.680000E+00	12	-4.045075E-02	-1.548987E+01	-2.251046E+06 
3.690000E+00	12	-2.819977E-02	1.794007E+01	2.257732E+06 
3.700000E+00	12	-2.333880E-02	-1.696788E+01	-2.264713E+06 
3.710000E+00	12	-2.016937E-02	1.760176E+01	2.271627E+06 
3.720000E+00	12	-1.450095E-02	-1.646808E+01	-2.278441E+06 
3.730000E+00	12	-7.929802E-03	1.778231E+01	2.285291E+06 
3.740000E+00	12	-6.824096E-03	-1.756117E+01	-2.292360E+06 
3.750000E+00	12	-1.560340E-02	1.580530E+01	2.299033E+06 
3.760000E+00	12	-3.218664E-02	-1.912195E+01	-2.306019E+06 
3.770000E+00	12	-4.989309E-02	1.558066E+01	2.312959E+06 
3.780000E+00	12	-6.299875E-02	-1.820179E+01	-2.319716E+06 
3.790000E+00	12	-7.268106E-02	1.626533E+01	2.326609E+06 
3.800000E+00	12	-8.405014E-02	-1.853915E+01	-2.333570E+06 
3.810000E+00	12	-1.007148E-01	1.520622E+01	2.340319E+06 
3.820000E+00	12	-1.200251E-01	-1.906828E+01	-2.347174E+06 
3.830000E+00	12	-1.346768E-01	1.613795E+01	2.354215E+06 
3.840000E+00	12	-1.398352E-01	-1.716963E+01	-2.360877E+06 
3.850000E+00	12	-1.369026E-01	1.775614E+01	2.367862E+06 
3.860000E+00	12	-1.321923E-01	-1.681406E+01	-2.374776E+06 
3.870000E+00	12	-1.298576E-01	1.728100E+01	2.381595E+06 
3.880000E+00	12	-1.282336E-01	-1.695621E+01	-2.388442E+06 
3.890000E+00	12	-1.212649E-01	1.834996E+01	2.395504E+06 
3.900000E+00	12	-1.054341E-01	-1.518379E+01	-2.402210E+06 
3.910000E+00	12	-8.398513E-02	1.947359E+01	2.409142E+06 
3.920000E+00	12	-6.391799E-02	-1.546016E+01	-2.416129E+06 
3.930000E+00	12	-5.065640E-02	1.811248E+01	2.422843E+06 
3.940000E+00	12	-4.246640E-02	-1.647448E+01	-2.429761E+06 
3.950000E+00	12	-3.393151E-02	1.818146E+01	2.436692E+06 
3.960000E+00	12	-2.182250E-02	-1.575966E+01	-2.443480E+06 
3.970000E+00	12	-9.143238E-03	1.829551E+01	2.450291E+06 
3.980000E+00	12	-2.832377E-03	-1.703334E+01	-2.457357E+06 
3.990000E+00	12	-6.798912E-03	1.624003E+01	2.464011E+06 
4.000000E+00	12	-1.847311E-02	-1.857487E+01	-2.470974E+06 
4.010000E+00	12	-3.085353E-02	1.609879E+01	2.477909E+06 
4.020000E+00	12	-3.992617E-02	-1.791332E+01	-2.484712E+06 
4.030000E+00	12	-4.749871E-02	1.639881E+01	2.491574E+06 
4.040000E+00	12	-5.932729E-02	-1.876453E+01	-2.498607E+06 
4.050000E+00	12	-7.820120E-02	1.498975E+01	2.505358E+06 
4.060000E+00	12	-1.000310E-01	-1.935570E+01	-2.512227E+06 
4.070000E+00	12	-1.177104E-01	1.581981E+01	2.519262E+06 
4.080000E+00	12	-1.265868E-01	-1.759509E+01	-2.525945E+06 
4.090000E+00	12	-1.291058E-01	1.709129E+01	2.532882E+06 
4.100000E+00	12	-1.311899E-01	-1.750811E+01	-2.539802E+06 
4.110000E+00	12	-1.358968E-01	1.656674E+01	2.546617E+06 
4.120000E+00	12	-1.400470E-01	-1.739678E+01	-2.553410E+06 
4.130000E+00	12	-1.372106E-01	1.796405E+01	2.560482E+06 
4.140000E+00	12	-1.245857E-01	-1.543907E+01	-2.567162E+06 
4.150000E+00	12	-1.057638E-01	1.920345E+01	2.574091E+06 
4.160000E+00	12	-8.829476E-02	-1.570965E+01	-2.581073E+06 
4.170000E+00	12	-7.592269E-02	1.818406E+01	2.587852E+06 
4.180000E+00	12	-6.639896E-02	-1.627931E+01	-2.594745E+06 
4.190000E+00	12	-5.420489E-02	1.871813E+01	2.601744E+06 
4.200000E+00	12	-3.699652E-02	-1.527645E+01	-2.608543E+06 
4.210000E+00	12	-1.938934E-02	1.879789E+01	2.615358E+06 
4.220000E+00	12	-8.260214E-03	-1.657206E+01	-2.622432E+06 
4.230000E+00	12	-7.247426E-03	1.677462E+01	2.629101E+06 
4.240000E+00	12	-1.289732E-02	-1.790460E+01	-2.636037E+06 
4.250000E+00	12	-1.885576E-02	1.671291E+01	2.642961E+06 
4.260000E+00	12	-2.205117E-02	-1.735199E+01	-2.649774E+06 
4.270000E+00	12	-2.582162E-02	1.659790E+01	2.656564E+06 
4.280000E+00	12	-3.608490E-02	-1.865056E+01	-2.663613E+06 
4.290000E+00	12	-5.455407E-02	1.495672E+01	2.670335E+06 
4.300000E+00	12	-7.683175E-02	-1.941226E+01	-2.677209E+06 
4.310000E+00	12	-9.515741E-02	1.574713E+01	2.684241E+06 
4.320000E+00	12	-1.062742E-01	-1.797049E+01	-2.690984E+06 
4.330000E+00	12	-1.131415E-01	1.659704E+01	2.697898E+06 
4.340000E+00	12	-1.213017E-01	-1.822907E+01	-2.704863E+06 
4.350000E+00	12	-1.327602E-01	1.593737E+01	2.711696E+06 
4.360000E+00	12	-1.427984E-01	-1.794501E+01	-2.718473E+06 
4.370000E+00	12	-1.449486E-01	1.751498E+01	2.725565E+06 
4.380000E+00	12	-1.367808E-01	-1.588142E+01	-2.732244E+06 
4.390000E+00	12	-1.228219E-01	1.867319E+01	2.739155E+06 
4.400000E+00	12	-1.097947E-01	-1.606775E+01	-2.746103E+06 
4.410000E+00	12	-1.006363E-01	1.789944E+01	2.752896E+06 
4.420000E+00	12	-9.188420E-02	-1.614901E+01	-2.759706E+06 
4.430000E+00	12	-7.791844E-02	1.894217E+01	2.766724E+06 
4.440000E+00	12	-5.795778E-02	-1.495003E+01	-2.773503E+06 
4.450000E+00	12	-3.694986E-02	1.915162E+01	2.780323E+06 
4.460000E+00	12	-2.241886E-02	-1.624542E+01	-2.787402E+06 
4.470000E+00	12	-1.690247E-02	1.734870E+01	2.794121E+06 
4.480000E+00	12	-1.650044E-02	-1.726829E+01	-2.801045E+06 
4.490000E+00	12	-1.543956E-02	1.748047E+01	2.807994E+06 
4.500000E+00	12	-1.194112E-02	-1.678078E+01	-2.814847E+06 
4.510000E+00	12	-1.066082E-02	1.703684E+01	2.821610E+06 
4.520000E+00	12	-1.743578E-02	-1.839183E+01	-2.828696E+06 
4.530000E+00	12	-3.358094E-02	1.516280E+01	2.835407E+06 
4.540000E+00	12	-5.353211E-02	-1.915303E+01	-2.842270E+06 
4.550000E+00	12	-7.040757E-02	1.577794E+01	2.849256E+06 
4.560000E+00	12	-8.168534E-02	-1.803349E+01	-2.856019E+06 
4.570000E+00	12	-9.106592E-02	1.615738E+01	2.862857E+06 
4.580000E+00	12	-1.040879E-01	-1.876177E+01	-2.869841E+06 
4.590000E+00	12	-1.209048E-01	1.539839E+01	2.876673E+06 
4.600000E+00	12	-1.362686E-01	-1.847114E+01	-2.883446E+06 
4.610000E+00	12	-1.432623E-01	1.707239E+01	2.890555E+06 
4.620000E+00	12	-1.403473E-01	-1.648939E+01	-2.897268E+06 
4.630000E+00	12	-1.323937E-01	1.808010E+01	2.904181E+06 
4.640000E+00	12	-1.255466E-01	-1.671067E+01	-2.911140E+06 
4.650000E+00	12	-1.213550E-01	1.754900E+01	2.917992E+06 
4.660000E+00	12	-1.152131E-01	-1.632064E+01	-2.924765E+06 
4.670000E+00	12	-1.019841E-01	1.896645E+01	2.931823E+06 
4.680000E+00	12	-8.127863E-02	-1.482536E+01	-2.938581E+06 
4.690000E+00	12	-5.943530E-02	1.919403E+01	2.945385E+06 
4.700000E+00	12	-4.324144E-02	-1.595526E+01	-2.952415E+06 
4.710000E+00	12	-3.446256E-02	1.771103E+01	2.959148E+06 
4.720000E+00	12	-2.892132E-02	-1.660279E+01	-2.966011E+06 
4.730000E+00	12	-2.104367E-02	1.817832E+01	2.972967E+06 
4.740000E+00	12	-1.094729E-02	-1.615904E+01	-2.979835E+06 
4.750000E+00	12	-3.996213E-03	1.754926E+01	2.986576E+06 
4.760000E+00	12	-6.264532E-03	-1.800292E+01	-2.993687E+06 
4.770000E+00	12	-1.811427E-02	1.563297E+01	3.000414E+06 
4.780000E+00	12	-3.379490E-02	-1.876910E+01	-3.007294E+06 
4.790000E+00	12	-4.687379E-02	1.615332E+01	3.014279E+06 
4.800000E+00	12	-5.610139E-02	-1.799884E+01	-3.021109E+06 
4.810000E+00	12	-6.620155E-02	1.597881E+01	3.027905E+06 
4.820000E+00	12	-8.173956E-02	-1.908641E+01	-3.034918E+06 
4.830000E+00	12	-1.023515E-01	1.496403E+01	3.041728E+06 
4.840000E+00	12	-1.213886E-01	-1.877145E+01	-3.048475E+06 
4.850000E+00	12	-1.323734E-01	1.657448E+01	3.055544E+06 
4.860000E+00	12	-1.346502E-01	-1.702984E+01	-3.062265E+06 
4.870000E+00	12	-1.330601E-01	1.734786E+01	3.069141E+06 
4.880000E+00	12	-1.333146E-01	-1.739876E+01	-3.076090E+06 
4.890000E+00	12	-1.351695E-01	1.702776E+01	3.082975E+06 
4.900000E+00	12	-1.333547E-01	-1.666479E+01	-3.089714E+06 
4.910000E+00	12	-1.226153E-01	1.881267E+01	3.096809E+06 
4.920000E+00	12	-1.038142E-01	-1.505245E+01	-3.103582E+06 
4.930000E+00	12	-8.339135E-02	1.913702E+01	3.110420E+06 
4.940000E+00	12	-6.775502E-02	-1.600976E+01	-3.117450E+06 
4.950000E+00	12	-5.774113E-02	1.801253E+01	3.124254E+06 
4.960000E+00	12	-4.822252E-02	-1.610881E+01	-3.131078E+06 
4.970000E+00	12	-3.501796E-02	1.874972E+01	3.138050E+06 
4.980000E+00	12	-1.898795E-02	-1.554372E+01	-3.144909E+06 
4.990000E+00	12	-6.757395E-03	1.798983E+01	3.151615E+06 
5.000000E+00	12	-4.130828E-03	-1.746452E+01	-3.158706E+06 
5.010000E+00	12	-1.059771E-02	1.617114E+01	3.165433E+06 
5.020000E+00	12	-2.041872E-02	-1.813534E+01	-3.172295E+06 
5.030000E+00	12	-2.785242E-02	1.664860E+01	3.179251E+06 
5.040000E+00	12	-3.323457E-02	-1.772503E+01	-3.186126E+06 
5.050000E+00	12	-4.170869E-02	1.603021E+01	3.192877E+06 
5.060000E+00	12	-5.781722E-02	-1.925192E+01	-3.199934E+06 
5.070000E+00	12	-7.966943E-02	1.488147E+01	3.206760E+06 
5.080000E+00	12	-1.003677E-01	-1.902112E+01	-3.213541E+06 
5.090000E+00	12	-1.139272E-01	1.630921E+01	3.220607E+06 
5.100000E+00	12	-1.201848E-01	-1.756074E+01	-3.227381E+06 
5.110000E+00	12	-1.248131E-01	1.663508E+01	3.234220E+06 
5.120000E+00	12	-1.319437E-01	-1.806121E+01	-3.241159E+06 
5.130000E+00	12	-1.403188E-01	1.638618E+01	3.248049E+06 
5.140000E+00	12	-1.436542E-01	-1.705325E+01	-3.254737E+06 
5.150000E+00	12	-1.369997E-01	1.838415E+01	3.261824E+06 
5.160000E+00	12	-1.220579E-01	-1.539581E+01	-3.268580E+06 
5.170000E+00	12	-1.053750E-01	1.873239E+01	3.275406E+06 
5.180000E+00	12	-9.266455E-02	-1.619029E+01	-3.282390E+06 
5.190000E+00	12	-8.323826E-02	1.807555E+01	3.289244E+06 
5.200000E+00	12	-7.205215E-02	-1.583833E+01	-3.296026E+06 
5.210000E+00	12	-5.506670E-02	1.923542E+01	3.303041E+06 
5.220000E+00	12	-3.486852E-02	-1.519579E+01	-3.309927E+06 
5.230000E+00	12	-1.855029E-02	1.845943E+01	3.316658E+06 
5.240000E+00	12	-1.128902E-02	-1.700718E+01	-3.323752E+06 
5.250000E+00	12	-1.231362E-02	1.680226E+01	3.330514E+06 
5.260000E+00	12	-1.531957E-02	-1.740345E+01	-3.337355E+06 
5.270000E+00	12	-1.606806E-02	1.725375E+01	3.344286E+06 
5.280000E+00	12	-1.607065E-02	-1.725427E+01	-3.351188E+06 
5.290000E+00	12	-2.125585E-02	1.621723E+01	3.357882E+06 
5.300000E+00	12	-3.557789E-02	-1.908163E+01	-3.364942E+06 
5.310000E+00	12	-5.631684E-02	1.493384E+01	3.371745E+06 
5.320000E+00	12	-7.636052E-02	-1.894258E+01	-3.378520E+06 
5.330000E+00	12	-9.021668E-02	1.617135E+01	3.385543E+06 
5.340000E+00	12	-9.922066E-02	-1.797214E+01	-3.392372E+06 
5.350000E+00	12	-1.085204E-01	1.611220E+01	3.399189E+06 
5.360000E+00	12	-1.218160E-01	-1.877133E+01	-3.406165E+06 
5.370000E+00	12	-1.361924E-01	1.589605E+01	3.413099E+06 
5.380000E+00	12	-1.446509E-01	-1.758774E+01	-3.419795E+06 
5.390000E+00	12	-1.430322E-01	1.791147E+01	3.426895E+06 
5.400000E+00	12	-1.332758E-01	-1.596019E+01	-3.433670E+06 
